44864919
43642752
44423087
44861330
42961364
44849280
42818523
44762010
44356315
37420325
44526922
35639196
41388608
44776648
44849738
38427406
41836809
44846120
43221567
44840079
44839198
34431823
44699724
44836339
44100248
40982858
43914623
44807219
44817102
44814410
35670559
43916927
44586509
44809517
40532394
44670749
44803101
44652029
44518176
44788421
41858766
44536510
44813157
44737527
44218371
44652918
44161166
44627791
43593740
44506608
44224965
38744634
44570952
43428183
44861335
44860895
42643201
42612842
44844106
40532698
40334597
44631581
44609100
41587121
44856343
44855914
44716832
32346182
35961434
44680848
39240133
43566765
44854249
44853584
43728689
41217420
44595704
44361900
44851499
44713365
44702391
44662637
44849813
44849332
44849274
42886326
44781970
44643976
44642967
44805229
44846945
44459098
44845728
38022975
44845217
44845091
44842842
44048205
44843900
43814991
42941555
39621891
40026584
44842557
44781417
42246569
44240059
44594694
43638458
44812074
44397290
37094839
44772391
44831810
44839716
43561531
43561482
43561442
43561380
44449717
44839008
44644805
44824842
44837709
44748442
44836538
44836292
44519401
43628149
43989570
44291942
44773793
44834019
44833896
41930765
44833704
44833279
44832944
44223076
43989290
44719656
44831813
44019995
43909083
44487718
44452779
44829956
40721362
44680637
44829388
44031290
42306847
38137236
44796365
44808816
44828816
44205679
44828691
42938750
44608795
44827124
44826442
44765792
42498102
44825044
43660540
43696691
44344618
44824352
44824157
44413853
44645819
44611034
39822076
41832547
41608534
42522950
42036484
42857962
41834751
44820921
33014702
44681158
44819427
44818984
44497674
42863460
43221771
44816931
44731904
44816341
44816280
44504121
44593991
44814644
41045688
44200938
44784023
44813012
39338583
44812677
44354198
44810856
44746646
43818927
12916314
44264643
42089644
43999371
44802237
44806156
43802703
44805832
44805749
44803755
44801545
36992110
44255215
44799406
44383581
44562109
44797536
44382112
33414405
39395299
43533083
44536611
44788678
44785732
44785714
44777296
44363223
44534657
43926145
44335731
19925117
41700421
29053521
44741806
34639129
34639103
34639029
44572906
44721101
36050379
43257202
42234679
44706094
44865568
44694153
44865376
44864274
44865201
42223224
44816457
43471181
44296413
44305713
38214134
44865027
44734097
44855365
44133446
44518448
44864465
43687041
44864361
39535754
44864301
43017793
44049021
43561514
43561423
44488189
43585365
44864065
44679657
44444964
44413688
44699095
44763862
40927526
27776834
44847898
42947346
43500019
44862970
44862958
29979082
40202608
42131401
44316087
44794095
44862751
43693474
44830980
43208620
41668638
44825086
44862481
44388829
40861930
40834789
43411847
43406777
44536919
42374276
40812535
44862267
44862129
40971973
44862027
43961224
44272082
43773044
44861856
40725703
39497617
44553510
44861765
38860426
44861690
44861612
44422928
44861497
44861443
44861374
44861309
44861074
44548365
44632170
43986469
44094228
21835233
44792719
43763186
44516583
43407058
44860806
44860672
31170983
44483001
44860483
43525142
44781432
39346503
37953678
44593512
44553001
44860171
44357249
44099924
44860044
44167568
44086861
42722066
44859793
42739462
44750019
44780796
44859471
41200620
44859351
44448489
44859308
44711710
44859240
40885299
44859214
44859185
44859116
43829237
44709861
43301188
44858909
44858816
43634490
44858746
44858688
42940726
43467720
44858360
44858345
43774451
44857899
41530874
42816023
44478812
44030424
44857470
44172011
44857385
44857213
44857146
42109437
43778955
44856790
36391599
39481404
44827460
42964523
44856388
44585643
44856145
44856039
44855955
44855888
44745127
42247546
44855756
24499575
41905521
44855429
44855421
44403691
43159212
44449619
44855283
44855251
44855241
40392240
44825250
39316406
44854897
41561991
40055094
28428904
44476628
42129478
44836050
44677352
44853324
41160917
40573530
44507074
44708442
39997677
44854039
44853908
43371293
42356699
44421631
44853762
42853448
44853133
42129480
44618205
43946569
33627320
35388414
43917858
44851834
44793471
44846811
44851588
44851491
40698070
44207546
44851043
44669468
42074385
44669211
44850699
44783232
44850627
44788417
39399294
44821106
44653619
44071064
44850475
44051734
44488680
43105200
44850244
44609109
41059539
44705155
41651149
44849839
44836346
40138082
43643573
44849247
44849015
36297869
40068213
42735248
42700305
44783552
44823682
44843969
40619023
35551602
44848375
44784957
44780679
44848302
44574655
44848086
44155726
44847894
39261419
44429696
40507690
44847732
44768832
44578408
44667605
44847560
44632238
37436107
42038286
44065902
44833526
44740313
44756173
44844458
44844737
44773918
44754812
43532063
44846814
44846729
41910545
43078572
43532160
44846448
44846442
44833221
44768860
44748191
40555496
44845881
44777395
42693615
44845566
37659510
43410617
44845342
44598089
44570879
44844779
44652003
44844656
44844647
42152222
44844423
42547617
44844300
44570649
42615021
44844196
43964652
44844111
41118421
43783003
44536129
44843820
44843753
44744961
44843695
44843589
44336264
44698326
41918904
44843361
44703561
44621509
44501508
44843026
44842761
36027265
44841602
44357433
44842337
44842328
44842276
43248870
44003488
44782875
30885041
44704621
44595719
44841645
44841605
44839033
44403014
44841345
43823988
44689929
44693323
44841025
38276976
43328317
44012331
44840716
43528560
19140957
44642890
44662075
44636280
44840364
44713034
43741324
44840212
38522918
44585029
44840084
44840050
44014583
44839988
44633342
44669551
43076257
44409105
35708595
44727382
44839437
43270235
42682228
44839333
44687036
44839231
44527767
44767261
42137893
42686810
41560913
44830115
44837853
42913337
43654938
44564497
44838454
43671565
43716697
42669098
44789561
42095427
42375498
44837397
44837312
44837187
36842012
44395234
43026199
44836848
44836780
44404337
44836765
44771134
44755613
44836408
42548076
44836191
44836072
39800372
44835809
44793318
40413225
44834977
11479627
44834882
38142226
43310388
44834566
15031826
31327985
44834466
39189121
44834446
44834383
43626987
43917784
44773823
44833969
44833913
43927667
44793053
44559944
44711456
44715237
42013600
38694905
44833431
42688465
44549871
44575876
44833021
44537913
44832959
44565699
43929103
19615680
44832683
44832564
36072497
43803001
42588051
44829871
44422441
44832261
44700881
44832162
44832112
44364898
44832077
44831970
44831902
44831898
44831839
44769834
38402602
43847163
44831473
44529027
44831380
44831366
44652875
44831195
42784404
40023290
42039081
43962272
39311414
44830773
36481122
44602841
43990812
39106054
38804525
37488256
44830197
44830027
44810310
44830093
44765690
44830013
44261963
44829837
39123231
44829789
42537329
44504794
44829666
44829400
44659482
43393807
44789227
42897453
44828901
44556971
44419936
28902842
44680742
44826322
44566956
44735391
44827930
40150377
44827642
44228465
39981691
40899023
40839771
44826746
44554825
42136340
44826181
44826164
44825998
43859063
44163327
44825847
44250264
44825742
44825630
44825602
44825097
44825260
43953599
44825214
43718929
44824852
40552068
44824674
44824585
44304676
43236660
18765226
44824416
44395484
44824296
44824281
44147422
44760990
44798025
44823993
44823872
44823864
44823774
42590348
44467361
44419040
44823582
44519860
44823279
44686828
44823158
43971105
44822889
35085501
44822755
44822716
44822629
44681218
44822511
44822485
44822465
44818790
44822354
43153579
44822282
44822241
10406628
44821799
44548549
42661797
44488046
44670419
44821205
44821193
44821007
44452529
39610084
36139600
44820641
44757234
44820568
44815921
44820509
44803811
44820506
44820428
44820408
44820379
36262103
43140467
44819522
39459496
33888422
43916970
44640454
42166277
39717135
44808837
44812120
32544426
44297160
43964971
44779229
42197846
43563777
44405620
44818360
44003330
44727750
44817968
44814186
43301396
44817214
44706129
44817051
44816933
44466762
44816867
44800773
44816422
44683439
44816387
44126244
44816313
37140956
37286344
44294302
42536145
44812795
43521547
44815695
42787878
39260654
44547297
43980655
44814737
44814636
44814502
44814456
38154857
44282233
44813907
39154498
44813849
43905413
40797236
44197129
44813740
44678721
44813630
44813103
44813269
44316125
44813216
44813202
44609683
44812985
44718696
42411227
44398756
42457752
41919073
44327632
43578158
44812681
44288308
44400493
44812563
44699049
44812447
44812424
40318692
40040128
43146979
40441776
44793158
44810738
42781232
35949967
44721071
44741720
43854527
44811143
44784420
44342182
44774236
43874349
42039552
43521567
43843066
43202301
44810608
44806088
44396260
43071268
36565631
44810002
44809982
43718606
44336663
44343439
44809798
16845593
44808496
44809586
42862474
44404759
44809494
40404179
44809280
44165223
44429290
37394835
42129350
44273405
44738153
44427247
43789274
44806931
40586405
44139089
41352303
44803839
44603501
44805071
42897521
44243812
43965202
44803008
44803002
44802874
42136631
44802526
42867449
42341052
44801303
44443375
43963189
44316097
44800829
44800747
44800593
42129437
38867646
44800327
44800177
42503560
44443275
40255618
44799810
44793600
44798945
42816026
44798173
44796978
44797745
44270652
43352705
44796210
44778078
44795061
44794670
44794089
44162829
44701942
44655634
44792962
38316084
41275245
39049608
44791660
44791118
44099498
44119560
40213426
43201523
37202204
44220205
36710051
44789774
41713089
44786062
44771804
43902557
44787334
44786764
44786145
42471849
44784631
42207940
42207916
44782586
44782306
44781383
44780996
44780680
44779988
44612865
44778255
44776853
44363149
44773411
44381747
44771099
39921757
44768492
44506678
44768360
44187258
37806515
42009637
44764554
44764423
44764388
44764257
44763224
43810086
40721275
44116131
44762082
43342877
44594534
43835250
44759964
43488739
43488680
37534941
44653955
44757077
44529232
44754560
42105025
44754097
38895467
44752927
41328106
43947461
44748378
43529247
44617999
44744738
44744405
44596345
26916987
44030489
38882590
44741969
44217805
40380717
38941999
42556893
41789013
41564537
44265244
44739745
44607411
44741434
44866772
44695292
43481767
43597647
44738297
44738482
43839314
44778449
43828023
44113976
44866750
43489217
44246881
44508478
44866740
44866733
36351046
44767770
43216360
43649962
43464045
44858542
42978143
44701464
43403770
44866701
43909746
44386236
44494765
44785719
44785800
44251220
44782777
44825728
44542831
43953728
40966634
39437281
40560020
44494880
43208730
44408380
44846426
44866678
43913003
44858001
44866673
44857532
42869490
42906465
44594041
44857903
44863827
39203415
43816336
44798862
44856947
39494192
38960287
44528436
43750156
44866649
36204174
44866636
43253961
44809930
43742216
44682794
44251656
44853033
44851694
44642602
44841833
44834184
44866617
42769448
44847410
41524309
44846799
44863557
44857674
44863715
44850456
44866601
43666536
43841020
44798820
44845233
44866592
44859954
41857787
44553909
44866588
39434019
44855643
44856325
43998808
44710267
44866577
34802490
44097237
43804599
44848767
44707703
39732739
44851886
39727271
44846100
39979890
44866557
43737212
44216858
38250927
44829169
44697940
44687137
41084401
30819206
24418094
44520997
44863449
44853151
44866545
41318301
42608177
42553927
41943251
41582569
44633601
44718870
41717357
43109227
42278842
44866530
44660149
40716942
39431721
44722123
44796772
44775036
44857996
42742496
44787759
44857316
44856348
44863673
44845309
44500284
44857503
44455832
44427687
38603072
44293753
44866505
43337190
44863644
44856364
44499989
44623047
44807171
43731654
44858006
42191060
44713111
44560592
32985491
44729713
44840104
42253304
44850033
44851931
44669964
36351060
44468859
44508648
44020072
44851314
44866477
41455704
44318961
44182842
40806913
44579235
44866459
42329494
44857264
44778679
44429674
44747904
44487217
44866433
40897587
43543886
44111723
44626255
44153019
44864829
44807695
40541323
44778077
44518497
44685427
43332990
44778134
44664799
44400720
42702858
44733005
44480962
44548607
44450943
44866396
40003865
44866393
44866390
38984197
44807659
27705030
40573481
32258032
37467410
36044640
44541769
44057484
44853555
44812843
44770432
41497047
44866362
44866363
44686236
44859543
44851614
43947696
43190460
44856173
44853488
44852505
44241035
40252750
39777354
42752448
44860110
43975246
42333445
44601313
42333514
42106152
43041674
44850055
44858311
38544779
34311283
44807724
44079635
44863035
43365721
39550018
44768768
44850316
44855444
44850731
44845680
42502438
44597825
44849651
44821707
44866322
44775153
44086062
44850500
44854993
44680804
44240783
44802893
35822762
44847843
44161408
43224008
44144640
38932653
39324942
43353405
38939525
39496227
38949226
44465594
39257648
44393990
38938990
44851754
44627357
43710607
43335265
44576606
44844314
44866307
44859321
44199742
44772124
44843186
44671437
44394009
44727831
42894297
33252939
33313196
44275085
44852068
44851828
44866294
44851388
44860626
43030925
41979452
34920638
37132296
34923520
44741370
44210449
43509703
44853602
44856386
43984641
44355114
44833816
41359111
44123119
44612815
44864238
44866280
44643859
44643022
44642988
44642836
44642388
40664287
44808281
44841407
44855002
44642915
44642728
35117789
39693257
44364977
44855531
44856227
44792677
44792634
44792603
44792570
41020477
28865409
44866230
44580785
40052960
42204397
44685779
44846916
44794658
44855343
43091054
44383751
44043483
44805876
44188239
44861421
44856612
44856270
39717587
44861763
44849663
44853168
44852063
44866243
44606984
40778287
44512512
44848969
44846965
44851875
44843373
44830889
44866235
44494288
44636717
43508329
44855342
44864339
44501408
44866229
43963439
36831758
44360231
38566328
43888937
44620703
34000721
44675641
43790183
44684714
44866219
41181419
44807819
44862798
44383896
43113264
43699241
44853099
44850296
44752665
44853450
44850505
44810609
44845483
44694211
44754127
44853082
44854332
44853020
44850855
44846487
44845308
42116561
44860786
44675689
42518654
42552302
42580872
44866202
43186458
40865205
44675665
40989425
43417652
40869005
44629255
44863184
44845435
44856218
44850266
44365390
44866193
44859744
44843855
42236212
43520649
44849945
44695330
44485839
44562372
43963307
44748035
43881853
44039823
44768822
40442691
44850356
44427983
44388084
44812866
44682769
44862605
44849147
44853532
44849652
42410446
42689866
44141239
44682041
44141466
44406100
44783786
44853487
43365707
44741302
39686858
44418857
44435346
23993667
44706524
44814627
44549584
44359324
40441696
44085138
44831796
39661082
44212795
44866164
44810090
44806198
43524658
44461265
44810583
44852759
44806430
44427425
44850754
44818795
44852074
44125559
44125467
44745322
44449579
44841812
44840585
44765465
43733281
39429785
44846956
43519925
44477712
44546208
44842955
44866139
44810189
44808427
44858448
44672106
40731344
43558296
44866126
44734234
43242507
44817997
44748259
43981804
44866106
44764787
44813897
44300692
44773062
44856370
44866096
38036078
38030450
44572801
40651863
44221147
42274573
32751730
39408277
36502470
44866089
44512691
44512740
44512786
44512816
43121424
44509641
43970794
42340390
44671966
43422516
44253831
44866074
23163447
43025678
44711441
28189232
44853054
44337917
44866066
38194452
44847543
40166756
44862158
44775645
44780819
44760774
44292970
44805060
44762727
44805224
44811346
44526124
44836753
44257122
44852924
44866060
40414886
44806632
44861953
44330572
41225192
40409418
43648288
43648068
44841017
41225406
43665220
44350364
44747214
41224962
42273910
43648172
44146734
40441663
43961003
43681037
44853529
44578091
43235588
43674152
39270220
44683347
44359659
44102656
39881775
41384969
43031795
42009471
38131452
44547985
40428372
43389809
31529841
43031771
31622700
43127287
44139414
44264616
43501223
44803389
30617283
44803466
30579496
44866011
40914143
44494243
44241013
44825084
42003568
42009916
43674943
44865994
32415768
44847557
41422938
44853916
44855112
44788558
44865981
40629807
44567266
44841554
26197510
44266945
44865969
44843350
44856009
44626553
44626678
44626434
44865962
31903460
39444029
43676256
44781844
44865959
43243322
43870664
44776515
44464701
43874890
44845847
44858702
44865937
44865110
44865035
33297571
44857916
43696172
44855842
44864952
44864782
44864776
40583865
44865934
39228708
42274706
38281235
44844570
44851455
44865931
44606823
44863570
44863389
44865923
44765933
44579460
42937928
44852463
44842163
42973320
44597969
44764183
44634486
44761158
44588668
42835453
44865912
44428354
44847582
44857144
44861555
44861482
38213377
41018378
43185739
43695159
44586742
44260024
43405435
44861153
38350743
36353191
44749520
40584557
44119135
44861822
44860311
44865894
41594175
44150894
44150709
44859188
44134734
44865884
44232516
44233004
41583434
44861788
43203281
44857408
43850612
43607789
44865881
44513291
44663050
35737763
44620770
42709846
44201163
43910144
44855409
44039923
44862242
44806034
41681204
44826540
44861841
44119350
44851503
38697611
36202767
44845758
44861653
44231124
44846883
44857624
44701778
44716047
42129328
44724468
44861985
44285247
44795027
43421808
44845497
40071138
44743026
42274862
31086867
44850146
41719496
43072702
44118408
44865825
43543530
43683784
42436794
44865794
44845708
33676599
37050696
33676762
33676679
33676638
33676629
33676627
33676621
33676594
39046526
44865786
43467893
44845349
33676742
33676669
33676625
43593942
42643733
44825916
39999174
39320039
44567568
44863931
39397862
42243348
42635670
44653886
44280603
40357933
40257312
36698188
35693399
44865753
44653311
44266447
43972756
44785976
44821659
44569995
44141061
44761763
44487653
44488015
43733374
44642916
44785833
41913590
44826615
44865746
44231207
44695332
44865742
44751870
44773046
44865731
39235915
44865730
43790456
43441059
44479373
44191282
41667052
44184216
43330180
44842022
44714783
44818489
44806282
44547187
44806349
42186755
44248225
42471142
44838767
44865706
44781238
43249509
42430943
43251170
43852029
44865692
44786733
44865689
44153421
44865686
44426816
44865679
44690850
44786682
44373688
44508371
44783759
43965647
44240908
44727260
44845765
44857593
44807757
43221523
43479926
41638321
44773610
44775642
44713970
44692636
44865628
44325593
44506258
44820996
44865613
44865611
44762648
44817380
44807266
44807349
43856285
44271260
44794197
43320268
43255029
44733737
43637399
44807302
44384650
44163629
44210258
44474346
43670702
44358038
44667349
44855388
44772937
44865582
44531307
44865577
44865576
44212873
40540422
44864815
44760412
43242657
44595607
44598573
44843105
44865559
43233268
43974699
44500015
43207064
43375529
44856633
44849389
44865540
44792821
43794497
43265946
42861627
43428215
44180329
43794085
44269365
44551857
42139562
44777388
44865517
42564233
44865508
44865501
44851492
43373080
43376485
44630816
42786127
44509282
38768994
44865350
42927414
44560070
44207021
44821029
44682002
43972956
43927407
43900406
44743440
43856304
44865470
42341816
44140554
36634243
31605735
44196256
31253900
44764019
31621957
31621550
31376193
44864956
42942630
44783472
44783508
44800128
44865445
44839110
44865440
44839037
44695426
44792694
42956486
44786157
44786140
44799949
44864935
44792656
44663255
44810839
44810877
43477941
38296151
44810408
44810360
44865415
44792731
44786170
40857148
42327960
44607061
44826929
44806805
30989512
44683927
44777329
44729590
41362913
44856543
40493767
44732010
44828970
34492439
44464515
40731825
44835658
44555642
39089930
39084456
43077386
44864858
43388623
44563827
42665928
44768629
40961301
40346396
44494572
39306852
44862896
39235449
31444586
44539098
44865375
40224694
39135813
35898348
44865371
44278130
43865292
40870155
41097729
39246423
25565608
44670575
44351174
39500082
44719145
44327544
39239221
41906776
44646765
39703980
44786315
25165327
44844552
43331513
39306771
44786277
44671162
39235143
39235645
44827821
44644532
31680405
39235297
31933793
44859449
44746811
31717080
44865346
43411061
43427839
43427808
43662200
33445777
43412478
44577568
44771754
44526568
43637474
44760269
44782856
43958943
43682090
43765656
43637562
43638168
43636953
36023959
44756090
44865320
43767452
44865313
44704915
43940528
44865092
40584918
44865085
41466792
33403720
42240102
44865294
41253111
40006903
44865287
44286649
43918612
44740822
43918749
44226275
37544059
44666590
44804314
44865277
44865278
44750794
44862737
40237352
44865270
43143113
36377397
40469271
44857396
43404674
42332669
40830851
42106976
25795339
43387533
42228907
44835098
44865256
42783223
43707508
42929644
44860121
44865250
44743878
42302422
44865247
44865248
41564280
42302768
44817147
44077953
44595963
44774250
41539395
41527795
41528005
43359680
43276569
44574932
44448652
44266439
44079653
43775067
43598837
43581595
43468798
43211766
41539649
43468278
44814870
44856983
44864023
43002757
40021213
44813433
44781423
44865221
44741536
43255259
44844778
43166019
40961219
44865213
44865037
43422192
44767114
43100417
44693165
44865009
44840936
44726291
44865195
41499076
44816330
44865192
40902437
44845035
44865180
35640231
44170011
44865171
44804240
43171693
44780639
44864611
44402557
44831442
44865144
41689636
44171256
43952671
44816799
44806494
44850842
44722152
41824888
44806240
43975265
44865117
35737775
43259398
44170672
44137890
44119912
44089895
43662415
44001788
42591315
43609154
43589994
43509101
42895171
44865105
42250522
44864930
44865101
44865097
44598241
44297954
44483978
44864757
44754340
44754186
44262510
43944914
43505133
42677519
43736885
43024761
44813222
43664768
43462391
44627179
42817645
40352742
42729708
44843908
44841501
44865087
44865084
44375898
44806644
44865078
44865077
43506959
44859041
42899272
42956436
43781759
43616399
40613918
44800588
43018679
44695175
44822523
44864951
44805411
44803949
44865061
32146422
44865055
44793097
44792974
44865028
44865026
40065718
44661133
44064135
44545316
44468878
44798089
44729107
44865014
44865004
36019928
44864999
44864998
44864990
44731002
44554294
44734649
44356735
44864982
44864980
44554243
44263290
44747183
44864686
44491993
44747239
41623596
42095551
44864971
38947114
43080059
41020589
44727888
42851805
44864949
44733482
44619601
44864943
43074004
44193576
43569387
44864791
43652417
44844906
43363588
44286032
41048690
43363626
44864145
44864921
31576113
31961374
43723291
44864732
44813881
34285279
44864069
36741894
37984649
43875648
36363236
44864891
44755881
44864884
44864568
44722737
43122680
44722874
44722827
44864652
44811723
44863736
44811908
44864559
44811863
43428514
44864860
44817129
42441710
44817115
44817121
44864532
41041480
43714180
44864849
44804154
44864847
44817093
44817101
44845490
44663183
44759727
44867258
44867165
44867126
44566161
38973220
44866906
44866150
44867734
44489670
43122689
44405451
37273116
44820735
44379879
44629465
10240747
44042951
44857839
44857803
44867048
44866978
44657634
44866861
44866625
43213021
44775201
44598733
44597768
44866347
44832742
44829253
44665996
42272921
42129106
44357343
44814240
44865486
44800582
44801180
43362337
42136753
44816232
42166260
44035288
44296038
42609583
44848580
44798764
43402908
44864923
43145848
43907201
43922263
43833552
44811819
42741462
43782525
44867879
44595943
41473385
44867855
44489257
44656510
44867876
42280841
44858584
44867228
44572886
44390552
44867664
44825458
44800494
44839870
44838611
44847801
43435035
44838602
44814210
42957270
41336900
44867857
44838618
39125029
44838631
44838637
44509918
41837175
44866824
41854815
44867853
41840882
44768790
44850483
44867851
44800534
39070243
44867541
44848607
39110304
44863624
44792581
44810305
44763055
44858648
44841105
44553540
41743241
44866271
44808507
44727781
39192564
44605124
40670099
44863741
42317104
38876525
43528554
44800407
44867184
44690101
43367157
44744463
44838598
43819765
44798851
40508301
44438929
29712070
42970932
44175217
44431143
44509153
44867837
44866483
44642275
44867008
44620371
44866233
43211636
44867149
39701251
28915188
44750603
44867025
42824818
37417154
44752801
40477881
44867087
44384375
44641264
44866029
44846952
44505881
41825293
31610765
44381484
43475436
44216624
44155151
43558767
44304793
44867179
44620931
44867774
42356856
44310907
42594220
39666426
44848522
42573288
44866705
28629516
41442340
27508446
44836921
44850857
43294315
42809428
44786544
43756626
44717354
42608498
44866774
43763029
42702207
44525238
42555442
43577897
40796904
44410893
36159537
40827421
43797443
44867752
44759926
44867748
44673384
43692170
43108298
42447251
43781827
44129998
43969826
44866129
43159121
44636991
44624616
44265258
44867736
44824034
44867735
44589952
38449811
39093758
43750365
44798172
44626836
44577946
44577798
44865697
44570823
42353509
44762350
44750013
44691025
44686716
42448914
44866755
44677861
39324990
44750535
44867723
44866612
44633390
44798732
41781510
42652545
44760437
42899661
44758286
43606470
42371140
44766633
44808098
44703882
44517797
44780545
44866004
44783858
44756443
43286377
42619073
41909642
34200501
43329321
44790876
44798795
43185371
44864336
44866023
44690783
44542653
44864810
44867653
43328032
44779621
44197846
35427897
43935722
44828035
44865561
43932855
43888594
43882726
43796834
44865545
43792987
43792101
43791963
32894642
44767724
44234710
43772494
43692257
39249931
39249835
44357821
37049059
44826931
44867326
44484425
44779859
44867501
44606577
44731254
43660581
44297539
44829583
44135775
30613093
44866441
40899448
44867706
44865919
43611909
40156904
43018846
43842510
44116938
33730584
44032702
36682562
41769431
43581901
44302033
42737863
44754198
44858336
42443090
44609920
42606501
44452959
44865618
42703889
42750490
42599700
37428882
44867693
44739387
44865553
44867689
44775234
39247359
44524312
44570999
44765414
37557723
44866111
44867669
44865492
40762666
44867665
44867085
44867121
44867166
44832764
44693718
43096633
44442670
44865788
44678783
44851224
44446435
44694303
42040709
42037715
44866966
42037359
42037115
42024165
38434754
38401052
44713812
44867634
44720810
44866523
44864866
44867615
44822750
44757462
44830215
42356653
44867601
44865685
43885092
43885102
44676749
40196510
43972140
39794553
41609886
43098363
41116215
40252944
39114064
44860891
44866653
44859814
44268689
41996724
42542144
44399506
36231678
44866371
44770289
43565358
41992664
44600509
43621274
44592672
44867555
44722119
44478894
44784194
44759541
43755452
44491965
44829911
44318688
44867542
44583260
40275493
43776715
44661370
44808613
44457102
44865777
44697092
44281178
44696966
43126796
25406036
44485218
44471086
44401013
44160596
44083508
44867535
44083444
43857150
43368617
44577638
44778271
44696407
44867187
44774820
43874355
43821171
44280519
44089209
44659839
44639392
44476016
44828379
44326747
42369132
43616474
44779208
43531926
44867521
44830783
44810201
30828671
44111753
44800319
43295623
44788914
44788940
44134222
44753069
44373290
44827167
43299004
44867486
43680820
44522451
42250527
44359821
43910304
39207397
44815571
43895646
44513042
44724326
44720340
40258228
43361323
44545110
24814094
39093685
43539327
15663498
44577685
30008236
44600379
44147296
42449619
42434561
44538652
44538228
44538311
42359518
21028400
43355222
44173798
44438001
44307910
44850512
42235072
41130250
41533663
44809734
44750292
44750340
44746232
44519970
43357083
43853856
44287065
44867430
44867424
44867420
44212386
43937312
43958183
44512757
37022886
43868754
44319941
44340222
44340329
44554971
44408882
44867390
41968138
44813107
44863784
42831320
44828843
44796714
41288641
44747885
44853220
44833806
44665197
44715850
44823670
44570808
44789672
44670410
12297676
44080799
44572526
44656983
25547793
35892800
25581513
8754755
26587506
23714855
10240686
39894495
35366104
10265826
25547814
23262343
44813408
39374992
44814991
44762998
35365766
10240640
35896403
44695361
44867297
37454780
44841985
34224416
34105306
8716398
44799585
42939651
44857112
44844065
44149366
41115252
44804677
44776022
42875419
44844308
43732673
44861564
44867030
44867000
44415542
44476342
44728523
44777683
44854971
41982494
44603650
44856001
37540665
44603925
44845252
44843985
44860904
44844454
44861642
44855335
44861126
43586469
44047629
44582977
44816402
44855095
44861016
44860494
44856123
43979776
44480508
44559200
44856127
44859920
41709576
44850151
44857567
44849199
40626394
39747592
43638683
44082458
44864325
44864751
44554779
41646102
44858813
44824142
44845431
44645072
44548159
44411184
44478190
44824338
44853573
44864911
43835795
43113926
44590435
44307068
44771665
43667855
44590374
44426234
44627682
44864175
41692949
44516740
33676611
44477998
44000032
42811077
44856157
44847282
44864488
40959863
38090440
44727312
44864365
43248154
44856187
44238219
44675841
38340826
43909188
44320690
44476421
39155596
43672657
38858225
44648926
44864995
44865002
44864955
44504344
44150365
42319501
44549146
43697543
44592028
44857797
44462335
44864836
42784618
44860397
43905357
43001466
44277485
44772058
41479369
44859945
44701539
44849542
44860569
44620854
43261229
44864547
44456255
43418054
44547148
43403589
44659072
44601591
44000597
41647022
44115339
44073810
43701258
44867306
44589311
44589643
44663304
44486434
44625369
44852327
42072672
44823669
37624800
41963180
44867278
44867274
41540497
41540446
38189233
37995579
39568819
40460558
40462163
44615665
43822127
44867266
44855422
44855778
44867254
44254343
44836213
43064805
44867249
44277745
44867240
41265995
44647667
44867229
38697257
39912432
36588006
44122911
38991828
39757865
44828909
36410418
44755423
44710876
44546797
44645485
44645590
44680448
44546904
44573695
44259530
44555949
44867172
37664976
44775426
44665878
44610249
44867133
44822691
44835641
44733790
44853795
44741850
44793900
44846932
43868552
44711736
41046783
44638802
44865839
44728487
41559000
42475979
43139738
42204030
44721931
42106049
44670064
43501085
41540001
44530110
44758063
42837057
42837195
42403778
44867063
44844980
44860730
44763778
42665165
44142948
44853350
44588384
42979177
43588826
44743902
43650108
44841852
44867007
43624288
44853318
43271012
44866975
44144820
44824160
44669188
44857009
43684571
44833579
41451998
44394311
44866951
42919232
42220051
44066208
44371646
43910132
44845195
44736647
44794271
44844960
44841429
44850327
37176074
34661610
44866901
42987453
44742128
44741927
44038141
43920517
44866884
44866875
44848718
44866871
44866867
44793466
44866857
44866855
44724237
44724191
44818087
44866848
44469497
28298991
44762958
44692243
43210377
43343769
43220284
44846162
44562520
43449966
43850218
44857472
44435039
44846149
42611767
41125845
40641661
40600835
41384351
40580786
43621152
42437417
44731652
44767432
44866789
43320801
44012417
43363394
44864738
44266938
44864826
44864476
44163666
44372371
44864822
44491689
44472854
44161661
42682754
44535578
44206629
42146843
44685537
44238809
44864405
44576787
44864814
43066545
34976708
44864071
44771166
43022647
43846778
44864218
43055866
44864614
44833456
44864800
31015943
44833556
44834179
44665042
44850197
44850253
44864790
27125126
44864372
36958876
43051608
44424418
44448877
44806827
44714989
44864319
44826404
44864767
44864512
44864770
44864768
44724004
42341706
44298498
43826049
44101245
42096300
44864746
43682268
44864742
43990889
43723236
42178136
43893074
43109795
44864737
44864356
43673464
43907394
43694966
43109581
43675768
44712938
44194645
43697442
41174425
42508332
43712722
44826851
42816371
44841362
44864709
43182659
44366254
44864708
44863905
44194791
44203935
44088159
44797690
43717817
44864702
44833544
44367391
42283547
40982873
44864558
37011007
43031882
43101293
38085286
40487843
44864685
44772841
40370268
44488635
43572317
44721054
44864673
44781963
43354544
43103674
43671456
44864666
44864664
43741826
44203068
44864658
39143300
42466000
37927021
44864647
44864648
44864645
31298165
41365466
41018446
44864092
43536420
40799773
40294415
41029006
39191773
44863915
39014519
44801510
44864610
41036892
41949571
43351640
44864606
44599805
44764010
44203087
18751589
41063619
44091452
43116276
44863810
43441050
41439675
44864597
42008802
44863896
43829080
44844621
41530280
38757728
41067783
44774295
38940752
43116205
40461250
41215426
41439666
44151512
41199938
44863086
41365977
44863006
42210825
44862830
43116388
31364440
41201436
44813236
40513008
41152826
41128074
44816050
41197115
43827995
44764586
44864565
39707555
42708067
43205741
42877448
42507971
30730684
44285783
44827115
44681130
44864514
39700933
41796402
44779826
44457855
44427231
44811361
44543535
44864544
42878196
44864541
37599374
39320945
44817768
44575588
39413761
44811647
39320310
42878012
44864434
44743774
44275854
44458036
44416041
44509474
44864533
44429484
43447343
39168201
42878134
44860998
43923376
44096299
42878226
44212034
44864523
43613799
43987498
44864522
44045477
38835079
42129944
44219125
44824749
39294831
44275209
44593536
39603722
44262062
44400080
42959034
44864509
44177086
44812956
38935334
44864193
42169559
43038329
44145987
44602614
39182720
44805232
44864501
33933154
44630255
44739822
38186262
29715860
44864244
44864346
44597900
44427348
43708007
44864096
42298410
34774268
42337433
36278845
44864477
42381382
44864469
44863629
44864199
44746737
44864462
43982324
29684030
44203583
24060963
35779185
41755574
25863153
31731743
44863990
33654437
44864449
44723993
32212436
44793018
44863892
40816209
37081095
44717418
39791155
44716197
40783215
44709885
37080992
44765501
42659894
41701144
44766762
43147924
43335683
43184014
44792540
43074435
43229116
44864417
43033534
41615118
44228426
41355969
44679721
43548208
44864406
44814596
44588514
44633938
44128213
44679296
44609688
44760912
41862226
44160624
44822454
44720826
42137147
44742242
44592748
41007496
44835318
44395948
44824957
44793871
43990507
43917530
44826994
42262910
44863600
41496763
44839282
41443551
41017163
44662599
44848151
43239978
44331069
44174018
44864373
40674961
44173982
34600502
40446618
44777634
44864369
42657621
44864367
35222486
42798887
35450235
43173321
41429447
44864349
44864341
44580624
44864338
42808595
44864333
42593656
44864324
44864323
44765846
44766306
44611882
44825608
44843360
43253245
44293895
44715270
44813268
44537632
44511485
44863813
44835286
44824048
40473741
43300803
40628932
39686867
44487579
39727337
44456767
43818571
44864116
44744224
15803797
39675263
44136826
44388582
44150235
44864271
44864268
43701246
42151936
44836685
44567143
44277858
44388237
43914414
43648473
43050902
44864264
44721776
42623605
39713157
40698283
44864262
44343223
43031892
44630515
44864094
44864253
43303853
43704968
44670890
39675451
39737717
42803973
44006500
44752031
44570452
43758622
42201811
41832821
44864222
44186551
44784879
44864217
44863952
44797117
44864824
44830517
44181562
44864216
44844254
43794416
44579155
32837656
44863843
44683389
44864205
44864204
44835497
44805075
44763473
44803742
44864194
44802844
44863871
44761292
44864185
44769338
44710891
44864177
44769353
44495252
44448795
44864091
41913194
44864174
44597055
44864172
43713923
44864171
44863604
44427268
44574372
44863837
43690286
43951629
44386898
44864160
44412270
44662081
43271154
44833844
44612827
44863945
44248592
44851612
44864141
40534968
43294210
44864132
44638850
44581666
44864125
44864124
44816993
41213510
44816966
39680580
44814803
41915115
38345584
44631736
41914706
44613050
44849068
44864114
44787377
44535477
44665632
44778736
44778760
44863835
44778788
43109263
44864095
44679012
44864090
44864086
44864082
44864080
44863881
44621687
43802191
44855877
44793095
44764639
44864062
44643924
44643873
44643869
44643107
44692184
44390763
43145692
44864044
44863687
44851206
44864042
44864040
44864039
43970528
36438891
44863768
44864033
44863652
44864026
44822224
44417481
44864017
44761643
31151044
44863548
41017364
44864004
44863998
44863995
44835244
44863991
44528018
44863988
44863506
39962733
44597179
43841074
44863984
44863981
44863977
44710731
44801167
44863234
43824497
42853147
44863608
44743830
43350837
44863493
42690362
41318773
44863968
43795009
44419997
44831995
40445397
44381017
43795065
44832448
44863475
42548107
42894931
44832661
44777394
44831857
43996826
44831426
35159052
44863273
31618582
43979166
44050525
44863918
44863823
44844003
44863323
40917782
43305460
44863759
44863748
44863270
44863856
44863348
44863903
44073674
40901170
43923968
44742277
44863898
43632237
44517781
44804004
39033981
43356384
44394454
44863640
43992084
42010351
44504034
43991388
44669741
44754793
44073965
41295029
38284922
44801882
42170736
44863691
44139988
44863870
42589234
42781914
42781852
44863025
44863864
44863863
44124776
44775614
44089736
44756019
43430247
44310818
44863854
44863849
44863197
44744953
44801151
44744211
44730034
41254180
41828613
44745499
35776409
43485946
44744312
44863826
44815104
44844987
44863106
44242530
43500184
40486321
39444296
24918717
44863804
35436877
40352903
43700204
33079337
44863788
43419606
37228789
12007249
42585268
37608794
44284710
43072502
44285444
44734385
44863779
43419856
44863778
44234837
35460458
43023484
44512898
36243646
43922326
43703150
44404660
44863769
43642521
37363262
44402627
44863763
37452788
43427598
44863765
43496951
44863758
44863210
44395540
42070507
44815192
44863755
37950987
44817014
43952148
44574819
36041888
42228793
44863745
44863743
44682928
42410152
42254015
43311429
44863627
44751490
43017749
44549357
43695329
44863556
44678997
44004348
44732022
44782231
44478996
44816472
44863725
44398825
44863727
44863723
44830685
44863719
44830503
43819717
41944986
44335764
40135241
44863712
44178963
44863511
44471072
43199562
42591425
44805427
43880996
43280998
44863707
44863708
42229249
41758608
44770018
44863702
44780784
44863694
26608407
41018547
40254090
44863683
44462098
44486627
44863434
44863678
42160581
40254154
32654329
18834883
42564146
19287837
44759974
44863645
34195828
42001172
44863666
43465305
44701668
44386614
44814976
44698650
44761097
41075773
44597081
36059385
44428790
41107732
44862437
44806208
42160824
42160367
40598041
39140843
44712727
39178325
44754507
42095565
40424996
39116964
44863635
44850974
44053645
43429355
44863251
44863622
44751192
44750699
44840028
44863620
44740227
44745438
43819593
43624926
44762962
44863609
44863605
44727917
42109283
44448697
44863598
44806445
44802614
44802598
44646423
44802581
44851028
44556719
44839309
43114908
44863569
44863565
44863559
39468532
44863558
44774019
44570804
42947782
42826147
44763180
42413913
44767871
43762092
44863062
44863541
44764419
44370714
44286035
36168318
43692630
39468705
44406354
44843391
44079809
44178435
43221502
42537234
44108583
44063786
44689564
44863108
43253266
43897863
39126963
38908291
44433037
44764485
44863525
39035211
44791054
44486879
44806713
44781250
44863515
40612581
44770293
44863508
44687333
44451644
42131833
44745591
44863501
44863277
44377143
44451529
44750956
44327400
44597804
44358990
44385873
40317871
43977240
44845157
44745226
40104182
44745154
44863121
44451664
44823138
44364917
44863485
44777293
44863154
44224449
43067083
44701704
44836312
44823449
44863464
44815306
44699124
44282219
39467060
44863245
44699735
44863275
44863440
44863442
41840025
38689649
44863427
44863138
44863423
42843291
38328190
44650101
44753525
44805717
44860036
44002275
44780603
44792791
41210133
43984090
44863398
44470699
44825174
44359668
44863209
44863387
43607139
44863378
44863373
44654506
44863370
44784204
44863364
44666273
42173138
44863352
44654585
44863349
41335655
44863335
36617970
41973505
44017780
44468476
37360341
43767109
44862489
44863300
44863295
44824709
44863285
44778403
44805070
44835956
44078249
44863272
44327198
39289614
44863268
44863263
24921446
44863257
44622314
44863253
44764107
39086588
42852049
42274518
44863239
43828250
44863000
44863231
44583915
44184668
32856600
44863221
32903347
43911071
44773923
32307853
44863219
36428259
44863216
44863211
44863208
44863203
44518255
44446994
44863198
41515027
43092457
42998946
38679414
31517327
42993819
43798476
44726400
43016206
44862715
44862589
44751714
44856676
44863153
37200259
44863143
43210243
44778785
44863124
44863115
44668617
43969061
44335129
44838937
40331912
43684774
40499108
41646492
44863089
44862565
44863087
44573970
33829118
44733673
43676262
44308157
44862404
44574106
42999032
44799321
42999491
43212415
42999232
44203055
44444592
43776097
44862320
39424343
39121477
43775985
44862314
44863071
43776538
44863067
41431381
44676104
41716120
44863055
44863051
44697325
34647858
44862278
44185211
44774289
39757705
39229671
44863032
44701875
42967200
43764356
42585960
44863021
44653204
42263243
44618889
44848560
44863017
43959602
44863010
44863008
41822209
42477561
44853894
43269554
44862999
43860998
39105335
42104262
41226094
44779783
38057982
42174696
44859621
44831021
26995818
44862408
44862986
44862982
44597364
43686398
44862979
42687764
44412459
44860840
43669957
44155801
44780823
43190172
35268374
33761875
44647750
44862963
44862960
44849334
43757218
43884526
44580947
43757133
43806917
44862943
41226369
44862938
44851115
44839877
42359955
44746133
43768296
43195081
44754487
44862932
43756880
44714196
42465970
32340810
43756766
43168121
44544081
44797336
44862912
44425244
44827003
43999251
44046939
44781170
44810247
44749137
44025887
44508871
44714703
43359109
43441119
44078179
38013365
44084490
44862883
44542840
44077973
40050395
43904521
40060824
44292034
44453442
44830964
44490062
44838702
44838824
44839225
44324914
42853261
44199205
44862743
44862873
38134538
44843843
42468369
44821175
43408617
42493016
37798313
44862863
44862862
40272727
44862485
41021208
43817777
40214790
44862850
38354551
40440139
41177053
44862848
42581050
44130661
39876921
44862840
39475354
41242975
44652452
44229364
44845509
43157666
43636762
42493109
44693573
44270593
32354119
44820617
40188343
44548067
44862820
42309536
44862818
44765566
44862812
44862814
44609500
40188373
44715540
44814659
39938804
42665766
44850201
43814979
44862796
44797884
44850326
44862793
44862795
44862792
44862788
37914466
42374180
44820120
44862480
44821092
38416949
44822684
44611509
44286140
38405845
44611156
44742263
44610640
44862760
38227074
44862754
43250752
44860152
44570867
44472302
44859868
42206970
44810085
44835689
40440826
44862745
44632440
44862732
44446157
44619475
43201115
42911407
43689393
43598665
43486415
44862721
34277365
44862720
44841879
36447497
44663447
44862716
44689662
44569760
40316399
43894358
44862704
44862702
44251467
29961395
42710296
36632090
43883769
44787931
28971541
33876330
44639685
33869832
44608492
44862686
44801854
33660056
44812827
44862684
44620463
44564352
42361833
44653263
41864745
17097027
43541051
44862677
44270566
43695293
44862665
44862667
44862658
44175764
44750592
44702779
44404006
44588455
44218723
44404014
44862645
44210173
44771281
44190734
43761432
43565949
44862634
44861857
43281654
44661793
44811942
44286358
36409617
44862626
43483811
44301355
43427055
38033675
38215878
44537516
44642908
44642800
44642817
44642795
44642773
44739404
44739491
44739642
44862613
44739614
30869103
44830052
33902062
44508453
44739602
41798659
43088231
44638270
42666710
40915664
42436037
43555109
43105245
44862591
44784654
44862580
44514654
44862577
44820034
30858178
43446739
44521269
44862560
44862557
44862556
43817103
44862550
44862051
32633340
44730897
27052564
44862531
44834432
43294190
43931455
43305179
42251293
44778505
43509083
44862519
42210174
41995643
39196945
44670154
44862510
44862507
43911317
44862505
44719192
44814975
44770462
39898604
44861936
44862339
40863415
44678857
40970949
44463577
39970605
44543292
35103149
44862487
40688472
42262572
44861851
44862479
37505466
44862470
44781671
44595880
44579449
44579263
42396406
44862465
40229138
44862463
44843660
39579163
44862461
44862458
44862460
44667599
44862457
44862140
44806895
44806813
44806177
44647079
44289085
44288972
43409863
44690842
44354604
44862138
31908018
31981232
39607790
39617335
40961669
31274654
44852247
44862443
37845702
44819604
44862440
44862438
44690826
42393997
31501005
43580474
43741587
31222854
32726699
31941736
31829907
44756142
31943563
40057403
31842577
43645138
44862423
42358277
39224306
31943488
39312032
44840064
31225402
44764634
42351457
42813270
31272833
44839784
39191468
39607550
43764068
39204101
31220109
39092241
31982349
44748587
44243018
41418149
44811784
40535112
43963500
31858412
39373272
44811092
36376032
44684444
42417330
44652148
44862413
44719709
42720603
44862407
43142303
36844215
44862402
38213001
36846696
44804535
44862398
44862388
40658285
44587300
44796050
44862381
43782645
41134812
44315009
4987809
44813772
43435437
44835633
42761368
44519052
43880838
8099649
43347387
43054798
7558331
43397969
42349848
43355448
43355492
44548446
44862065
6334061
44706400
41975176
42324904
44723462
44862370
4987691
44862368
36336397
43599265
44862169
44733961
43351689
40424447
36335361
44861908
44861708
4987821
4987850
44692157
23292765
44834697
4987932
44649199
42980588
6298079
44861945
44862355
6334050
44862002
44677813
40519599
39315223
44585559
43060241
31526714
44861941
42250226
42148647
44861933
44862351
44659936
37842996
36917366
44861912
43746419
44862345
44243455
20352671
44493912
44552962
44592712
44642639
43597533
44544005
30931560
44862342
44715177
43758865
40252825
42137810
42921890
44711001
44064932
44692367
44862256
44250812
43965397
44862335
44818244
43712226
44833311
44141245
42219120
44848049
42764952
41345534
44862323
44067243
42374233
44154948
41375159
44710777
44372962
40390881
43743131
43871330
44814256
43845548
44164050
42411211
44216164
43703107
44729652
44118629
44685060
44300058
44802590
44810261
44862308
44861467
42681286
42880223
43771528
42979892
44680483
44861102
44710800
44862288
44862287
43848354
44862282
44685089
44735642
35270191
44781453
44755555
44779588
44688339
44649395
44755794
44477532
44677906
44744222
30291512
43785374
44783172
44514346
44862254
43165221
37946714
44862245
44862244
35704743
44862180
30884423
44862237
38842852
44862233
43528072
35804628
42954472
16362247
44862228
44786038
44838907
44698552
44861243
43408290
40767837
44862212
44668912
44752725
32563312
42116784
44862105
44862205
38182547
38234221
40932462
41069931
44285902
44716749
44348625
38316954
44836057
38555925
44681652
44862178
37952923
44600775
44716735
44862170
44034995
44174716
44587074
44473773
44279532
34011349
44514338
44681015
35711714
44862164
35440578
44584920
44856545
43893218
32239019
42184172
34544516
42251436
36322915
39436032
39436199
43306530
44713041
44688333
44667997
42067834
44762264
43213184
36166495
41262463
36166485
44645161
38920886
44434221
43934643
44803675
44646334
43458996
44862113
40999096
42816724
44592413
40823224
39512266
41001074
40869086
44541141
44497642
41020515
42234097
44862094
40823403
42586950
44862091
40953818
44562191
44861533
40885956
41020531
40867681
43401964
37065246
40882923
34398346
40885886
40848037
44668253
44516929
44862076
44497853
44740752
44862073
28095043
42806029
43751175
30340369
40984067
44862064
44208879
42823087
44850598
42781876
44850663
43235356
44859669
44641547
44861531
44380555
44861525
34274992
44862043
43114120
44862007
44862039
44861958
44626440
44861956
44756825
42022981
44861320
44363795
41934510
44608882
44861903
43357257
44862029
44814138
36730692
44862024
42359681
44684893
44861862
44779884
44602870
44622024
44661299
44300223
44603122
44641147
44037887
44862010
44862008
44571597
44588902
44862005
44782737
44718812
44691285
44691138
44691102
43163614
44847913
44813598
44841690
44685100
44861993
44431334
44456627
44683376
44773939
42499815
44861990
44027844
44285454
38843309
44764666
44345447
41085922
44763156
44761096
43076900
44761018
44630741
44625303
44624506
44621482
44621435
44861978
44861976
44861975
37135701
38754635
44248369
44861971
44604799
44360268
44713926
43953087
44640461
44087247
42541521
44834763
36898769
42199353
37602219
44861965
36696186
41905539
44820224
44841273
44056794
44228529
44216675
41905546
41905551
43680856
41237185
41905560
44666819
43286505
44594139
44861944
44629743
44813280
44861942
44861867
36197645
44861410
42284664
41905573
38156615
41905578
44550233
44720878
44529052
44861923
43753073
44690912
44185036
27678821
44861922
44861914
44861913
42989228
44630809
44723889
44859563
44861897
44859451
44859012
25586671
43712742
44861891
36201054
44773229
44752310
30908443
43045215
40954177
15039130
38494939
34672791
42717062
32112984
21819882
44111671
30074855
38961049
33925603
44861865
44861863
44701742
44345076
16439152
44798155
44861858
42533901
42383824
44738444
40994574
35364820
44804530
42356395
42551643
43630573
43958626
44527425
44730319
44859490
34904269
44732145
43274926
42274007
38835169
44674586
44730045
43204260
36436400
44414113
44826345
29460317
44861820
43691918
43385287
36787431
39207236
44861818
44861816
44773865
43828541
44776569
44277560
44721607
44777026
44861808
44861807
44848462
43357716
44776804
44861800
44861793
44861792
44861789
44861787
44040254
44768759
44861159
44861778
39999114
37495216
44841922
37329479
43647354
38919235
39902111
43726554
44782470
43496243
44861767
43769905
44861761
44651394
44812962
44441649
44526705
44860722
44861081
44861481
39453204
44861743
44790940
44860884
44861741
44722420
44861739
43501594
44688010
44792099
39954280
42783128
40985981
44860930
43764237
40951617
40888864
44816046
33680931
44861718
44861716
31104563
44712631
44861704
44730820
44123948
44123866
42797577
42133004
42132678
42040781
44861484
42040743
42040642
44861695
42037893
44860268
42037857
42035446
40942970
44812926
38315401
44812941
38268126
38226409
44860781
38708126
44861679
44715884
44856944
34278379
44576416
44860660
25587630
44735501
19368939
44576989
44861646
44104319
44761811
44860011
44802741
44773570
44770396
44821097
44861632
43883968
44753888
44763211
44820883
44745902
44861626
44861624
44861623
44754370
36009244
44364634
44861615
44861616
44850184
38227213
38198347
44594762
43872553
41671469
38824552
38194561
42045625
44860046
38185892
38260913
44861605
44861604
20363061
44861596
36098393
40574552
44861582
39036704
44861580
44861407
43394049
44861377
42041067
44344436
44861341
43962900
44861565
44652099
44605506
44119971
44861563
44118930
39653079
43531693
37469780
43155504
43091824
42824984
42814121
42797677
42795193
42794955
44234724
42794793
42132905
42132509
44577667
44607658
42132288
44240892
44384373
42131937
42035658
43271599
42035585
40834913
38321234
38315932
39123796
38224804
38185126
38177862
44800601
36277261
44861526
20739372
44850406
44780810
44605177
44861510
44124340
43501164
43162595
43155628
42946461
42829096
42132383
41016325
44861503
41015890
40834759
43582176
40825966
38344011
38343988
38343973
38316043
38315444
38298652
38262759
44861492
38244751
44861487
44861486
38209648
38203471
38185136
38163233
44861476
44861477
43696306
44755610
41403114
44454754
44724235
44591944
44643350
43812089
44782389
44454882
38695970
44861452
43058832
44831058
42159571
44861442
44712709
44861078
41468852
14037464
44238645
44781255
44861434
44197723
44782164
44782239
44861430
43855159
44782060
43904414
43928267
26300271
42796098
44708808
44567969
40234825
44224138
39876425
44861412
39196982
43714449
38399676
42918551
38280439
43880289
40717267
33085070
42366541
44861405
42366556
40620945
41777277
41746278
41776956
44861387
35851850
42366529
43166034
43137954
44861375
44803463
44501950
44642563
38325434
37295384
40883640
37296993
42661492
43120433
44490030
37296752
44763013
44552834
44861365
44642792
41641121
43549703
44861363
44861359
44861021
32187985
39724226
44861347
44861345
42197953
44861331
43883199
42761144
44860927
43121586
44861326
44762516
37991604
44681699
40645249
44444451
42993696
44245920
42904661
44861310
39993712
43144134
44633939
44861294
44629668
44849603
43481578
44097847
42327436
44719900
44861271
44776647
44861265
40289797
44804481
44565369
44610980
44652070
44861254
44799947
44861250
44861249
44392251
44829665
42350081
37875669
44861235
43901260
30863628
44473916
44508711
44825906
44861227
44827535
43536493
44825560
44825769
44861211
44803940
44861209
44644838
44851001
44443700
44805836
44861203
44452538
44861201
44810049
44701405
43694407
44806735
44840422
40025639
44621017
44860573
44842673
43643987
44677435
44399233
43136160
37166627
43917783
44335278
44860973
39765103
44860379
44861161
44567022
43022887
42011220
38194690
40245892
42017146
40845090
37461313
42282861
44846365
43790374
44861157
38176455
38350750
38261763
38306896
38334386
44859795
44859739
44484537
43524504
44861150
44861151
44859495
41862714
39083526
32886190
19561693
43091712
44850069
44860644
43292616
44861121
44798561
44861118
44771913
44169738
43703489
44850966
43703477
44850657
44841098
43703462
43703453
43703439
43703420
43703418
43703403
44860248
43703328
44801776
43703320
44625917
43703312
43703306
43703301
43703287
43703281
43703274
44861097
44861096
34509634
36566493
44852215
42631763
44860993
44858860
44816080
43090574
35496806
44818797
36566432
44821362
44861072
44644622
38097136
44861059
33139896
44752894
44760939
43147816
44363686
44417720
44861039
44841043
44859943
44271855
42532260
44861032
43931201
44861026
44861028
44443811
44806172
43871620
44861023
43352456
44620517
44841465
44755826
44324399
44839930
40184879
42525264
42582518
44444570
44772495
44861014
44641195
43949953
44859728
44834379
44861007
44318528
44704625
44732387
44687334
43150066
43626926
44422616
44860999
44861000
44830211
44860476
44859518
44860193
44860500
43614908
44857498
44092494
44860984
44497097
44753740
42748740
44860980
42018438
33676607
44699430
36387215
40899302
42203265
44498838
43108845
42444962
44860291
44783885
44762988
44486739
42320674
44810257
44786781
44750150
44741039
43949845
36984311
44686775
43672540
33676601
44860958
44686931
44115335
39834242
41433711
43572275
44860944
44678820
44714582
44860603
44679612
44860936
44111837
40185103
44859899
39025727
41090160
44135713
44860548
42721135
44363240
44786082
44859298
43541022
38005082
44860081
44368995
36343726
44859216
30601477
44568289
44463709
42521860
44704119
44330973
44842222
44516194
41981427
44848892
42788046
39736798
43040556
43228181
12796333
44817523
44570746
39722259
44823377
44860868
44860881
44766137
44640985
43913171
44729175
44631615
37718557
44168698
39989146
44645246
44860865
27126656
44480486
44860606
44386306
43305234
44484777
44410402
44860855
41447696
44641385
44860853
44860849
44566092
44860541
44409676
44744975
44803547
38175715
44699091
44860406
44745189
44860843
44860842
44814727
44860841
44802192
43085315
44806660
44860610
42015437
44813134
44860822
37298987
42416594
44660212
44859619
44509704
44860817
44660150
44860812
44860611
44800150
43342106
44860807
44859613
44703800
44856104
44860792
43402697
43116749
44860790
44657068
44619149
43871326
44580135
42131328
35852340
44860770
44756401
44860768
43834333
42902955
44860765
44820829
44668118
44174957
36107599
44860100
44820963
44587482
38622693
44857966
44860728
44860293
40647921
36250106
44840827
38939881
44860709
44860706
44860699
44516524
42664862
38974331
40272817
44860537
27264103
19046806
44365053
44596932
37496164
44860683
42976393
44818307
43578109
44860677
43680305
42912555
44542140
44860671
39364272
42733365
43637001
39979435
44213350
42047030
38186770
44852785
44857935
44860653
44860655
11250257
44860651
44860648
44757983
19140295
40550228
44859320
44860641
41701841
43537873
44860635
44255244
42960511
44588105
44859393
43537800
27837178
43517837
44860628
40547971
44857909
43796267
30477129
44850429
44465618
44857900
43538063
44641559
42897110
44492479
43517412
44860612
44684619
38200003
44055655
41628006
26917060
43480124
43034198
44814901
44096810
44860601
44850194
36177256
43648306
43647869
44707900
43648064
44860589
44860586
35613685
43431125
43579002
44860581
44858668
44860577
44860578
44278113
21331418
43510119
44849880
44623216
44860562
42758647
44858733
41259036
42783189
38411591
38474404
44860535
39292172
43669200
44860524
42446949
44172329
44849175
44791209
44102781
44859272
42977550
23444096
44729909
39357284
43048215
44860304
42491729
35959896
42378972
44860491
43701887
44860486
44247898
44248021
44860480
44106856
26911465
44713102
44860475
38877644
44860469
44860467
42655687
44860457
44860460
44859255
44851311
44851254
43090392
44844067
44860444
44834824
44843986
44525958
44860249
43227073
44286949
44724002
44860426
44860425
42972318
37580435
44503438
44859910
39405894
44860129
44860112
44860416
44760624
20931097
44860108
44671513
44853499
35221841
44434123
39141283
44859860
38899355
42895332
44860401
39028507
44593521
44860398
44812227
44558580
42647583
44277167
44525649
44860391
44811755
44605897
44814756
44527640
44575668
36930103
44856882
44077407
44860375
44860376
44732646
44566242
44860365
44860363
44500670
44859542
44856765
41133708
43706620
44849127
44351183
44774059
44781200
44860348
44490792
21944897
44860346
43174616
44860343
44860338
44860335
41519032
44842497
44773245
41519520
44822585
44847069
44454032
44071609
43291715
42973115
44689360
43955333
44071436
44860321
44849083
44756842
42609885
44742275
44624593
44860312
43071624
43207339
44780881
44392918
37796047
43207176
44608457
44707678
11250344
43928480
39152515
43071677
44826362
44834279
44020543
44212577
44625936
38603030
43505894
44129634
44856600
44781012
43712900
44711780
38026666
44769151
44646043
44652063
43035426
35194270
44769034
44478102
43694208
37230550
41067564
44859834
42906648
44856580
44632081
44859020
35443622
34743281
41067474
44856222
41439703
44860267
44849094
42089686
38853390
44058836
42732763
40613710
43102967
40125123
41281249
39225659
44860253
44255308
38359541
38163146
42271767
41064690
44857838
44859010
44255357
44858530
44251692
43242606
44859846
44860235
44860234
44860088
41197021
43490810
39014545
44536994
44842076
44783371
42924832
44710710
44771649
43868607
41197564
35312640
44679469
44860224
31750288
38868214
43733627
41127847
43021690
44762145
35817991
44859821
44370507
35489381
44860212
42316406
44860207
44860205
41602003
44860204
44571606
42316452
42923476
44778299
43600668
44860199
42321682
42333447
36818406
40634429
44860194
38430738
41404417
44858892
42322976
40320457
44858944
44859715
40790119
44857407
44355279
44386662
44529700
44860184
44355224
44747234
44858855
43819186
44764897
44765876
44634045
44830921
40355184
44860172
44750250
44859362
40047331
44510357
44858585
44429067
41659168
44859230
44860159
44847826
44771955
29484374
41253388
44860157
44462945
41472595
40049231
43210265
44161715
44679559
43281353
27336627
44813326
44332340
44860151
42555550
43617034
43692505
44860146
43774668
44857388
44858453
41497074
44860141
34559953
44752403
43907045
44858282
42840799
44860133
44860131
42786101
39466610
44859193
42238986
39999830
42001902
39857733
44684913
38158927
43241877
41832514
44450125
41691138
44765682
44709411
29112918
44077013
44259757
43715696
44860115
44858543
44493443
38445006
44850557
44758034
44111098
44504753
44503265
44857335
35898029
44384627
44860106
43567369
44811794
44860104
38338118
43971912
44775796
37286451
44448141
44028611
41857796
43691903
44766411
44843623
44842831
44858734
37339538
44598295
44848899
43820007
44857282
44547723
43564045
43456077
44845423
44046332
44633146
44857195
44860072
39597514
44858273
44697277
44860067
44309773
44849928
44858255
44799169
44776448
35850213
44850215
44713749
44860055
27995290
30875116
44838978
30523745
44510156
44621504
44751235
43825308
44607149
44734442
38810023
44449385
44763774
42530302
44860041
40472525
44620290
39820851
41062668
44380155
44856564
43991724
44592030
36222094
43891368
44857956
42403107
40472455
44860028
42384145
44860027
41505040
39104139
43836032
41431461
44622698
41993064
40571152
44853605
43776322
44767352
43291822
44860009
44416018
44810384
44098621
42510926
42334799
44697340
38104748
39518438
43700435
43899165
44859500
44859439
44302120
42590800
43917243
44859984
42867281
44859985
44858145
41000576
42773490
43616933
44859976
44856447
42077800
44859974
44857562
43944611
43606281
44814945
43974921
44835349
35337157
44844060
44850392
44857319
42950267
41346089
44857288
44857507
44859964
44859963
41637155
44859958
39123679
44857237
44859947
44536407
43366511
43253098
43124482
44508124
42759857
41154952
40463279
39186136
44802041
38814418
38238815
28345638
26202870
44856269
44569740
43729903
44841646
44822705
43533294
44623270
44243945
42610089
43533340
42532515
38143847
43430266
43189148
44849157
43189122
42402430
43798024
44078881
43833881
41389722
32442324
40483881
39539206
44859893
44766774
42378248
43295074
44859891
41702304
44804462
42104377
43284024
44857078
44116077
44859886
43817923
41703334
43112690
43939605
44418257
40491172
44797784
42588753
44813570
42511162
44665130
40816188
44777999
42406326
44859506
39080087
43863966
43883539
43744752
44311961
43871814
43521963
42473561
33062513
43471869
44798538
34795924
44859862
42516481
44857751
40255498
43888601
37491688
39452067
44492866
44510026
44388429
43644330
43833529
43914447
42978162
40374557
43622892
44312852
31107375
44179495
39883104
42597842
44456881
44859836
40011754
44028879
41855797
42591357
44859285
44859816
44859282
43047341
44700226
44856164
42140506
44753998
44626142
10422843
44418192
42317894
41133457
44506624
44859791
44858284
44859789
44859788
39839474
44856014
44418097
44859779
44708476
44418322
43417351
44859556
44857391
44857598
43729220
44859760
44859762
43970267
43727689
44592909
41749529
44855215
44804870
43212363
42925898
44857599
44265633
44859741
44780195
44807025
44760718
44687348
44516559
31887938
42100632
43796465
44751043
36036185
44053856
44384702
36615540
44505069
44297550
36234943
44858151
42977915
44857330
42589813
37023183
42032986
44859003
42782774
44859711
10422807
44857358
44688251
19235960
44677592
39642289
44856924
44583099
44859691
44841511
44859690
43068977
44859688
44859684
44859681
44859678
44857845
44375215
43817442
44061713
44224422
43803524
43693190
43526529
44859668
43371992
43371953
38689814
40603257
44719454
44859659
44859656
44859653
44859654
44859651
44273532
44804324
24600878
44843097
34426441
44692081
44859643
43721532
44520139
43694537
44859629
42631326
42416124
44856485
39365125
42464904
44800049
44688140
39361814
39354275
39258161
42093018
43436086
39258029
36729036
41580009
43093265
44856318
44631872
41883997
24270766
42270916
43435714
42454307
44711695
41884131
39545646
43762488
44774919
44859615
43436472
44689129
41832718
44770661
42045627
39561423
44817351
42102719
43264814
44856212
34364321
39173541
44801209
44859605
43461560
43456412
44857558
33965033
44606482
42327573
44859596
42949690
43181997
44680192
43757916
44719441
43165248
34828112
44358447
44764384
43066056
43614812
44097047
44859586
44698396
44071043
44464849
44856142
39415233
44548965
44859580
44848893
44859389
44040292
44754574
44601973
42118563
44855879
43899110
44242221
44856243
44859381
44859567
44011578
44859566
44859370
44662964
33475713
44527778
29816864
41232396
44620566
38846257
41736438
43950651
34956050
44855847
43965268
44859533
44856291
39833163
42545213
42329990
41597197
44201187
43376043
40249367
39698020
43942129
44856121
38870410
44856304
41755526
44816517
44549250
43445636
40175787
44526399
44771349
44596320
44855690
43855018
41369883
41320490
44714313
40225863
39982845
38486467
44830798
35895669
32511026
43351937
44728785
38885170
